76;67;53;63;59;34;86;85;90;660
76;67;53;36;59;34;86;85;90;552
76;67;53;36;63;34;86;85;90;552
76;67;24;63;59;90;34;86;85;588
110;2;67;90;85;86;34;504
110;67;63;59;53;36;85;86;34;90;540
110;76;63;59;53;36;85;86;34;90;540
110;76;67;63;90;36;85;86;34;608
110;76;67;63;59;36;85;86;34;552
110;76;67;36;59;90;85;86;34;632
93;110;67;90;63;59;36;85;86;34;548
93;110;76;67;36;85;86;34;552
93;110;76;67;90;63;59;85;86;34;500
93;110;76;36;63;59;90;85;86;34;548
1;93;63;36;85;86;34;67;76;568
1;93;63;59;90;85;86;34;67;76;528
1;93;36;59;85;86;34;67;76;568
1;36;76;67;63;59;90;85;86;34;532
1;110;59;76;67;90;85;86;34;512
1;110;59;76;36;67;85;86;34;536
1;110;63;59;76;36;85;86;34;500
1;110;63;59;67;36;85;86;34;500
1;110;63;76;67;90;85;86;34;512
1;110;63;76;67;36;85;86;34;536
1;53;110;76;67;85;86;34;90;36;576
1;53;110;59;67;85;86;34;90;36;504
1;53;110;59;76;85;86;34;90;36;504
1;53;110;63;67;85;86;34;90;36;504
1;53;110;63;76;85;86;34;90;36;504
1;53;59;63;85;86;34;90;36;504
56;1;93;34;86;85;67;76;560
56;67;110;63;59;90;93;34;86;85;516
56;76;67;63;59;90;34;86;85;93;560
56;76;67;36;90;34;86;85;93;576
56;76;67;36;59;34;86;85;93;536
56;76;67;36;63;34;86;85;93;536
56;76;67;110;34;86;85;93;520
56;76;110;63;59;90;34;86;85;93;516
3;56;110;59;36;90;85;86;34;93;516
3;56;110;63;59;36;85;86;34;93;506
3;56;110;63;90;36;85;86;34;93;516
3;56;2;110;85;86;34;504
3;56;67;36;90;85;86;34;93;528
3;56;76;36;90;85;86;34;93;528
3;24;67;76;59;90;85;86;34;512
3;24;67;76;63;85;86;34;536
3;24;67;90;63;85;86;34;568
3;24;76;63;90;85;86;34;560
3;24;59;63;90;85;516
3;53;76;39;59;85;86;34;90;552
3;53;76;39;63;85;86;34;90;552
3;53;76;59;63;85;86;34;90;540
3;53;76;36;63;85;86;34;90;504
3;53;76;36;59;85;86;34;90;504
3;53;67;76;39;85;86;34;90;624
3;53;67;59;39;85;86;34;90;552
3;53;67;63;39;85;86;34;90;552
3;53;67;63;59;85;86;34;90;540
3;53;67;36;59;85;86;34;90;504
3;53;67;36;63;85;86;34;90;504
3;2;53;67;59;85;86;34;90;528
3;2;53;67;63;85;86;34;90;528
3;2;53;67;76;85;86;34;90;528
3;2;53;76;59;85;86;34;90;528
3;2;53;76;63;85;86;34;90;528
3;2;76;67;39;93;59;85;86;34;512
3;2;76;67;39;90;59;85;86;34;640
3;2;76;67;39;63;59;85;86;34;504
3;2;76;67;39;63;90;85;86;34;544
3;2;76;67;63;59;90;85;86;34;528
3;2;76;67;93;59;90;85;86;34;528
3;2;76;67;36;90;85;86;34;59;504
3;1;76;67;36;85;86;34;90;512
3;1;59;67;85;86;34;90;536
3;1;59;76;85;86;34;90;536
3;1;63;59;85;86;34;90;500
3;1;63;67;85;86;34;90;536
3;1;63;76;85;86;34;90;536
3;110;1;67;85;86;34;90;528
3;110;1;76;85;86;34;90;520
3;110;63;59;53;36;85;86;34;90;594
3;110;67;63;90;85;86;34;556
3;110;67;59;90;85;86;34;568
3;110;67;53;36;85;86;34;90;504
3;110;93;39;63;85;36;500
3;110;93;39;59;85;36;500
3;110;76;67;90;85;86;34;500
3;110;76;59;90;85;86;34;560
3;110;76;63;90;85;86;34;548
3;110;76;53;36;85;86;34;90;504
3;110;2;93;34;85;59;63;86;504
3;110;2;93;90;85;59;63;520
3;110;2;34;63;59;90;85;86;500
28;3;67;2;53;85;86;34;90;39;672
28;3;67;2;59;90;85;86;34;544
28;3;67;2;59;39;85;86;34;576
28;3;67;2;63;90;85;86;34;520
28;3;67;2;63;39;85;86;34;576
28;3;76;67;90;85;86;34;2;536
28;3;76;67;39;85;86;34;2;608
28;3;76;53;85;86;34;2;39;90;672
28;3;76;59;39;85;86;34;2;576
28;3;76;59;90;85;86;34;2;536
28;3;76;63;39;85;86;34;2;576
28;3;76;63;90;85;86;34;2;512
28;3;24;76;85;86;34;2;67;536
28;3;24;39;85;2;532
28;3;24;90;2;85;504
28;3;110;2;90;85;500
28;3;110;2;59;85;500
28;3;110;36;85;500
28;76;67;93;2;39;85;86;34;512
28;76;67;93;59;85;86;34;544
28;76;67;93;63;85;86;34;544
28;76;67;63;59;2;39;85;86;34;536
28;76;67;53;59;85;86;34;39;2;90;576
28;76;67;53;63;85;86;34;39;2;90;576
28;24;76;59;90;85;86;34;2;67;528
28;24;59;90;39;85;2;576
28;24;63;59;85;2;564
28;24;63;90;39;85;2;576
28;24;63;67;90;85;2;86;34;504
28;110;67;85;86;34;528
52;28;93;2;39;85;528
52;28;93;2;24;85;592
52;28;93;59;85;544
52;28;93;63;85;544
52;28;93;34;85;86;512
52;28;59;2;34;85;86;536
52;28;63;39;59;85;560
52;28;63;34;85;86;568
52;28;24;59;85;2;504
52;28;67;59;85;86;34;520
52;28;67;24;85;86;34;512
52;28;36;63;2;85;59;512
52;28;36;39;85;504
52;28;76;67;2;85;86;34;512
52;59;24;90;85;552
52;59;24;67;85;86;34;504
52;93;24;76;85;86;34;67;576
52;63;93;1;85;86;34;67;76;59;528
52;63;93;24;59;85;552
52;63;24;90;85;504
52;3;63;93;76;59;90;36;85;86;34;67;512
52;3;2;93;34;85;86;500
52;3;2;93;39;85;516
52;3;2;34;39;85;86;532
52;3;2;59;39;85;528
52;3;2;67;59;85;86;34;512
52;3;2;76;59;85;86;34;504
52;3;2;76;67;85;86;34;536
52;3;2;36;59;85;536
52;110;3;90;34;85;86;536
52;110;3;36;85;504
52;110;59;85;504
23;52;3;76;67;34;86;85;59;36;512
23;56;67;76;63;34;86;85;93;544
23;56;67;76;39;34;86;85;93;36;584
23;56;67;76;59;34;86;85;93;544
23;53;76;67;34;86;85;90;93;56;576
23;3;67;93;2;63;39;90;34;86;85;59;36;544
23;3;76;67;93;2;34;86;85;59;512
23;3;76;67;93;63;36;90;59;34;86;85;516
23;3;76;67;93;39;90;59;34;86;85;36;520
23;3;76;2;63;93;39;90;34;86;85;59;36;544
23;110;3;53;63;34;86;85;93;90;56;516
23;110;3;53;59;34;86;85;93;90;56;516
23;110;3;53;39;34;86;85;93;90;56;36;504
23;110;3;63;59;36;90;34;86;85;93;514
23;110;3;63;59;56;34;86;85;93;506
23;110;67;63;59;90;34;86;85;93;548
23;110;67;63;59;36;34;86;85;93;540
23;110;67;63;59;56;34;86;85;93;508
23;110;67;36;90;34;86;85;93;560
23;110;67;53;34;86;85;93;56;90;528
23;110;67;39;34;86;85;93;56;36;520
23;110;76;67;34;86;85;93;552
23;110;76;90;63;59;34;86;85;93;548
23;110;76;36;63;59;34;86;85;93;540
23;110;76;36;90;34;86;85;93;560
23;110;76;56;63;59;34;86;85;93;508
23;110;76;53;34;86;85;93;90;56;528
23;110;76;39;34;86;85;93;36;56;520
23;1;36;90;34;86;85;67;76;93;544
10;23;52;93;36;90;85;86;34;59;67;76;576
10;23;52;93;39;85;86;34;59;67;76;36;500
10;23;52;2;67;85;86;34;59;36;39;512
10;23;52;2;76;85;86;34;59;36;39;512
10;23;52;63;36;85;86;34;59;532
10;23;2;90;76;67;85;86;34;59;36;39;93;544
10;23;63;2;90;67;85;86;34;59;36;39;93;544
10;23;63;2;90;76;85;86;34;59;36;39;93;544
10;23;63;67;76;93;36;85;86;34;59;532
10;23;3;63;2;90;85;86;34;59;36;39;93;560
10;23;110;85;86;34;59;36;93;63;540
10;1;110;59;85;86;34;36;532
10;1;110;63;85;86;34;36;532
10;53;3;110;85;86;34;90;36;504
10;53;3;63;59;85;86;34;90;36;504
10;24;3;1;90;85;86;36;34;616
10;52;3;39;90;85;86;36;34;548
10;67;52;2;90;59;85;86;34;508
10;67;52;63;85;86;34;500
10;67;110;59;85;86;34;504
10;67;53;59;85;86;34;36;90;504
10;67;53;63;85;86;34;36;90;504
10;67;53;110;85;86;34;36;90;576
10;67;3;90;59;36;85;86;34;528
10;76;67;52;2;85;86;34;59;36;536
10;76;67;63;90;36;59;85;86;34;534
10;76;53;59;85;86;34;36;90;504
10;76;53;63;85;86;34;36;90;504
10;76;110;53;85;86;34;36;90;576
10;76;3;90;59;85;86;34;36;528
10;76;1;110;85;86;34;36;532
10;28;56;110;85;34;86;500
10;28;110;59;36;85;34;86;500
10;28;3;36;85;34;86;502
10;28;3;2;59;85;34;86;500
6;10;23;93;2;90;85;86;34;59;36;39;528
6;10;23;93;63;36;85;86;34;59;522
6;10;53;110;85;86;34;90;36;504
6;10;1;110;85;86;34;36;504
6;10;63;53;59;85;86;34;90;36;504
6;10;24;1;36;90;85;86;34;616
6;10;52;36;90;85;86;34;512
6;10;28;2;59;85;34;86;500
6;10;28;36;59;85;34;86;514
6;10;67;36;85;86;34;518
6;10;76;36;85;86;34;514
6;24;59;34;85;90;86;544
6;24;63;34;85;90;86;520
6;110;63;59;53;36;85;86;34;90;594
6;110;56;63;59;90;85;86;34;502
6;110;23;39;63;85;86;34;93;36;56;512
6;110;23;39;59;85;86;34;93;36;56;512
6;110;23;39;53;85;86;34;93;36;56;90;504
6;110;23;59;56;53;85;86;34;93;90;516
6;110;23;63;59;36;90;85;86;34;93;514
6;110;23;63;59;56;85;86;34;93;542
6;110;23;63;53;85;86;34;93;56;90;516
6;110;2;93;34;85;59;63;86;504
6;110;2;93;90;85;59;63;520
6;110;2;34;63;59;90;85;86;500
6;110;2;56;85;86;34;504
6;1;59;36;85;86;34;524
6;1;63;36;85;86;34;524
6;67;1;36;90;85;86;34;568
6;67;59;53;36;85;86;34;90;504
6;67;63;59;36;90;85;86;34;556
6;67;63;59;53;85;86;34;90;540
6;67;63;36;53;85;86;34;90;504
6;67;39;63;53;85;86;34;90;552
6;67;39;63;59;85;86;34;504
6;67;39;53;59;85;86;34;90;552
6;67;2;39;59;90;85;86;34;576
6;67;2;53;59;85;86;34;90;528
6;67;2;63;59;85;86;34;516
6;67;2;63;53;85;86;34;90;528
6;67;93;63;90;36;85;86;34;520
6;67;23;93;39;90;85;86;34;36;528
6;67;23;93;39;59;85;86;34;36;508
6;67;23;93;90;59;36;85;86;34;584
6;67;23;93;63;59;36;85;86;34;504
6;67;23;93;63;90;59;85;86;34;502
6;67;110;63;85;86;34;504
6;67;110;53;36;85;86;34;90;504
6;67;110;59;85;86;34;516
6;67;56;23;85;86;34;93;534
6;76;67;39;53;85;86;34;90;624
6;76;67;39;59;85;86;34;524
6;76;67;36;59;90;85;86;34;520
6;76;67;2;39;90;85;86;34;576
6;76;67;2;53;85;86;34;90;528
6;76;67;2;59;85;86;34;520
6;76;67;63;90;85;86;34;642
6;76;67;63;59;85;86;34;542
6;76;67;93;59;85;86;34;526
6;76;67;23;93;90;85;86;34;514
6;76;67;23;93;36;85;86;34;516
6;76;67;23;59;85;86;34;510
6;76;53;59;36;85;86;34;90;504
6;76;39;53;59;85;86;34;90;552
6;76;63;39;59;85;86;34;504
6;76;63;39;53;85;86;34;90;552
6;76;63;59;53;85;86;34;90;540
6;76;63;36;53;85;86;34;90;504
6;76;63;36;59;90;85;86;34;556
6;76;2;63;53;85;86;34;90;528
6;76;2;63;59;85;86;34;512
6;76;2;59;53;85;86;34;90;528
6;76;2;59;39;90;85;86;34;576
6;76;93;63;36;90;85;86;34;520
6;76;23;93;63;59;90;85;86;34;502
6;76;23;93;63;59;36;85;86;34;504
6;76;23;93;90;59;36;85;86;34;584
6;76;23;93;39;59;85;86;34;36;508
6;76;23;93;39;90;85;86;34;36;528
6;76;110;53;36;85;86;34;90;504
6;76;110;59;85;86;34;508
6;76;1;36;90;85;86;34;560
6;76;56;85;86;34;93;23;534
6;28;76;67;2;90;85;86;34;536
6;28;76;67;2;39;85;86;34;512
6;28;76;53;85;86;34;39;2;90;672
6;28;76;59;2;39;85;86;34;528
6;28;76;59;90;2;85;86;34;536
6;28;76;63;59;85;86;34;502
6;28;76;63;2;39;85;86;34;528
6;28;76;63;90;2;85;86;34;512
6;28;67;63;59;85;86;34;506
6;28;67;63;39;2;85;86;34;528
6;28;67;63;90;2;85;86;34;520
6;28;67;53;85;86;34;90;2;39;672
6;28;67;59;2;90;85;86;34;544